0.000000000000000000e+00 1.000000000000000000e+00 0.000000000000000000e+00 0.000000000000000000e+00 0.000000000000000000e+00 0.000000000000000000e+00 0.000000000000000000e+00 0.000000000000000000e+00
1.000000000000000021e-02 1.000000000000000000e+00 1.000000000000000056e-01 1.000000000000000021e-02 1.000000000000000021e-03 1.000000000000000048e-04 1.000000000000000082e-05 1.000000000000000167e-06
2.000000000000000042e-02 1.000000000000000000e+00 1.414213562373095034e-01 2.000000000000000042e-02 2.828427124746190052e-03 4.000000000000000192e-04 5.656854249492380455e-05 8.000000000000001332e-06
2.999999999999999889e-02 1.000000000000000000e+00 1.732050807568877304e-01 2.999999999999999889e-02 5.196152422706631739e-03 8.999999999999999754e-04 1.558845726811989446e-04 2.699999999999999560e-05
4.000000000000000083e-02 1.000000000000000000e+00 2.000000000000000111e-01 4.000000000000000083e-02 8.000000000000000167e-03 1.600000000000000077e-03 3.200000000000000262e-04 6.400000000000001066e-05
5.000000000000000278e-02 1.000000000000000000e+00 2.236067977499789639e-01 5.000000000000000278e-02 1.118033988749895027e-02 2.500000000000000486e-03 5.590169943749474703e-04 1.250000000000000297e-04
5.999999999999999778e-02 1.000000000000000000e+00 2.449489742783177992e-01 5.999999999999999778e-02 1.469693845669906712e-02 3.599999999999999901e-03 8.818163074019440707e-04 2.159999999999999648e-04
7.000000000000000666e-02 1.000000000000000000e+00 2.645751311064590827e-01 7.000000000000000666e-02 1.852025917745213704e-02 4.900000000000000709e-03 1.296418142421649697e-03 3.430000000000000973e-04
8.000000000000000167e-02 1.000000000000000000e+00 2.828427124746190069e-01 8.000000000000000167e-02 2.262741699796952041e-02 6.400000000000000307e-03 1.810193359837561746e-03 5.120000000000000853e-04
8.999999999999999667e-02 1.000000000000000000e+00 2.999999999999999889e-01 8.999999999999999667e-02 2.699999999999999969e-02 8.099999999999999561e-03 2.429999999999999868e-03 7.289999999999999388e-04
1.000000000000000056e-01 1.000000000000000000e+00 3.162277660168379412e-01 1.000000000000000056e-01 3.162277660168379828e-02 1.000000000000000194e-02 3.162277660168379828e-03 1.000000000000000238e-03
1.100000000000000006e-01 1.000000000000000000e+00 3.316624790355399699e-01 1.100000000000000006e-01 3.648287269390940168e-02 1.209999999999999964e-02 4.013115996330033491e-03 1.330999999999999935e-03
1.199999999999999956e-01 1.000000000000000000e+00 3.464101615137754608e-01 1.199999999999999956e-01 4.156921938165305391e-02 1.439999999999999961e-02 4.988306325798366227e-03 1.727999999999999719e-03
1.300000000000000044e-01 1.000000000000000000e+00 3.605551275463989569e-01 1.300000000000000044e-01 4.687216658103186134e-02 1.690000000000000183e-02 6.093381655534142738e-03 2.197000000000000168e-03
1.400000000000000133e-01 1.000000000000000000e+00 3.741657386773941663e-01 1.400000000000000133e-01 5.238320341483519021e-02 1.960000000000000284e-02 7.333648478076926908e-03 2.744000000000000779e-03
1.499999999999999944e-01 1.000000000000000000e+00 3.872983346207417021e-01 1.499999999999999944e-01 5.809475019311124977e-02 2.249999999999999917e-02 8.714212528966687119e-03 3.374999999999999528e-03
1.600000000000000033e-01 1.000000000000000000e+00 4.000000000000000222e-01 1.600000000000000033e-01 6.400000000000000133e-02 2.560000000000000123e-02 1.024000000000000084e-02 4.096000000000000682e-03
1.700000000000000122e-01 1.000000000000000000e+00 4.123105625617660697e-01 1.700000000000000122e-01 7.009279563550023517e-02 2.890000000000000555e-02 1.191577525803504123e-02 4.913000000000000700e-03
1.799999999999999933e-01 1.000000000000000000e+00 4.242640687119285103e-01 1.799999999999999933e-01 7.636753236814712575e-02 3.239999999999999825e-02 1.374615582626648180e-02 5.831999999999999511e-03
1.900000000000000022e-01 1.000000000000000000e+00 4.358898943540673310e-01 1.900000000000000022e-01 8.281907992727280399e-02 3.610000000000000014e-02 1.573562518618183345e-02 6.859000000000000513e-03
2.000000000000000111e-01 1.000000000000000000e+00 4.472135954999579277e-01 2.000000000000000111e-01 8.944271909999160219e-02 4.000000000000000777e-02 1.788854381999831905e-02 8.000000000000001901e-03
2.099999999999999922e-01 1.000000000000000000e+00 4.582575694955839940e-01 2.099999999999999922e-01 9.623408959407263319e-02 4.409999999999999337e-02 2.020915881475525422e-02 9.260999999999998400e-03
2.200000000000000011e-01 1.000000000000000000e+00 4.690415759823429731e-01 2.200000000000000011e-01 1.031891467161154541e-01 4.839999999999999858e-02 2.270161227754539934e-02 1.064799999999999948e-02
2.300000000000000100e-01 1.000000000000000000e+00 4.795831523312719669e-01 2.300000000000000100e-01 1.103041250361925518e-01 5.290000000000000258e-02 2.536994875832428858e-02 1.216700000000000073e-02
2.399999999999999911e-01 1.000000000000000000e+00 4.898979485566355985e-01 2.399999999999999911e-01 1.175755076535925370e-01 5.759999999999999842e-02 2.821812183686221026e-02 1.382399999999999775e-02
2.500000000000000000e-01 1.000000000000000000e+00 5.000000000000000000e-01 2.500000000000000000e-01 1.250000000000000000e-01 6.250000000000000000e-02 3.125000000000000000e-02 1.562500000000000000e-02
2.600000000000000089e-01 1.000000000000000000e+00 5.099019513592785158e-01 2.600000000000000089e-01 1.325745073534124185e-01 6.760000000000000731e-02 3.446937191188723104e-02 1.757600000000000134e-02
2.700000000000000178e-01 1.000000000000000000e+00 5.196152422706632468e-01 2.700000000000000178e-01 1.402961154130790700e-01 7.290000000000000646e-02 3.787995116153135278e-02 1.968300000000000258e-02
2.800000000000000266e-01 1.000000000000000000e+00 5.291502622129181654e-01 2.800000000000000266e-01 1.481620734196170963e-01 7.840000000000001135e-02 4.148538055749279030e-02 2.195200000000000623e-02
2.899999999999999800e-01 1.000000000000000000e+00 5.385164807134503739e-01 2.899999999999999800e-01 1.561697794069006051e-01 8.409999999999999420e-02 4.528923602800117437e-02 2.438899999999999402e-02
2.999999999999999889e-01 1.000000000000000000e+00 5.477225575051660744e-01 2.999999999999999889e-01 1.643167672515498112e-01 8.999999999999999667e-02 4.929503017546494475e-02 2.699999999999999623e-02
3.099999999999999978e-01 1.000000000000000000e+00 5.567764362830022185e-01 3.099999999999999978e-01 1.726006952477306677e-01 9.610000000000000486e-02 5.350621552679651199e-02 2.979099999999999804e-02
3.200000000000000067e-01 1.000000000000000000e+00 5.656854249492380138e-01 3.200000000000000067e-01 1.810193359837561633e-01 1.024000000000000049e-01 5.792618751480197586e-02 3.276800000000000546e-02
3.300000000000000155e-01 1.000000000000000000e+00 5.744562646538028394e-01 3.300000000000000155e-01 1.895705673357549470e-01 1.089000000000000107e-01 6.255828722079913307e-02 3.593700000000000366e-02
3.400000000000000244e-01 1.000000000000000000e+00 5.830951894845300965e-01 3.400000000000000244e-01 1.982523644247402295e-01 1.156000000000000222e-01 6.740580390441168468e-02 3.930400000000000560e-02
3.500000000000000333e-01 1.000000000000000000e+00 5.916079783099615907e-01 3.500000000000000333e-01 2.070627924084866012e-01 1.225000000000000255e-01 7.247197734297031180e-02 4.287500000000001033e-02
3.599999999999999867e-01 1.000000000000000000e+00 5.999999999999999778e-01 3.599999999999999867e-01 2.159999999999999976e-01 1.295999999999999930e-01 7.775999999999999579e-02 4.665599999999999609e-02
3.699999999999999956e-01 1.000000000000000000e+00 6.082762530298219117e-01 3.699999999999999956e-01 2.250622136210341240e-01 1.368999999999999939e-01 8.327301903978262532e-02 5.065299999999999664e-02
3.800000000000000044e-01 1.000000000000000000e+00 6.164414002968976458e-01 3.800000000000000044e-01 2.342477321128210999e-01 1.444000000000000006e-01 8.901413820287201739e-02 5.487200000000000411e-02
3.900000000000000133e-01 1.000000000000000000e+00 6.244997998398398309e-01 3.900000000000000133e-01 2.435549219375375551e-01 1.521000000000000130e-01 9.498641955563964789e-02 5.931900000000000367e-02
4.000000000000000222e-01 1.000000000000000000e+00 6.324555320336758824e-01 4.000000000000000222e-01 2.529822128134703862e-01 1.600000000000000311e-01 1.011928851253881545e-01 6.400000000000001521e-02
4.100000000000000311e-01 1.000000000000000000e+00 6.403124237432848975e-01 4.100000000000000311e-01 2.625280937347468369e-01 1.681000000000000272e-01 1.076365184312462059e-01 6.892100000000001003e-02
4.199999999999999845e-01 1.000000000000000000e+00 6.480740698407859712e-01 4.199999999999999845e-01 2.721911093331301212e-01 1.763999999999999735e-01 1.143202659199146487e-01 7.408799999999998720e-02
4.299999999999999933e-01 1.000000000000000000e+00 6.557438524302000582e-01 4.299999999999999933e-01 2.819698565449860195e-01 1.848999999999999810e-01 1.212470383143439828e-01 7.950699999999999434e-02
4.400000000000000022e-01 1.000000000000000000e+00 6.633249580710799398e-01 4.400000000000000022e-01 2.918629815512752135e-01 1.935999999999999943e-01 1.284197118825610717e-01 8.518399999999999583e-02
4.500000000000000111e-01 1.000000000000000000e+00 6.708203932499369193e-01 4.500000000000000111e-01 3.018691769624716192e-01 2.025000000000000133e-01 1.358411296331122342e-01 9.112500000000001155e-02
4.600000000000000200e-01 1.000000000000000000e+00 6.782329983125268136e-01 4.600000000000000200e-01 3.119871792237623453e-01 2.116000000000000103e-01 1.435141024429306966e-01 9.733600000000000585e-02
4.700000000000000289e-01 1.000000000000000000e+00 6.855654600401044352e-01 4.700000000000000289e-01 3.222157662188491201e-01 2.209000000000000408e-01 1.514414101228590825e-01 1.038230000000000125e-01
4.799999999999999822e-01 1.000000000000000000e+00 6.928203230275509217e-01 4.799999999999999822e-01 3.325537550532244313e-01 2.303999999999999937e-01 1.596258024255477193e-01 1.105919999999999820e-01
4.899999999999999911e-01 1.000000000000000000e+00 6.999999999999999556e-01 4.899999999999999911e-01 3.429999999999999716e-01 2.400999999999999801e-01 1.680699999999999972e-01 1.176489999999999897e-01
5.000000000000000000e-01 1.000000000000000000e+00 7.071067811865475727e-01 5.000000000000000000e-01 3.535533905932737864e-01 2.500000000000000000e-01 1.767766952966368932e-01 1.250000000000000000e-01
5.100000000000000089e-01 1.000000000000000000e+00 7.141428428542849760e-01 5.100000000000000089e-01 3.642128498556853611e-01 2.600999999999999979e-01 1.857485534263995375e-01 1.326510000000000189e-01
5.200000000000000178e-01 1.000000000000000000e+00 7.211102550927979138e-01 5.200000000000000178e-01 3.749773326482548907e-01 2.704000000000000292e-01 1.949882129770925676e-01 1.406080000000000108e-01
5.300000000000000266e-01 1.000000000000000000e+00 7.280109889280518276e-01 5.300000000000000266e-01 3.858458241318675208e-01 2.809000000000000385e-01 2.044982867898897938e-01 1.488770000000000093e-01
5.400000000000000355e-01 1.000000000000000000e+00 7.348469228349534532e-01 5.400000000000000355e-01 3.968173383308749025e-01 2.916000000000000258e-01 2.142813626986724562e-01 1.574640000000000206e-01
5.500000000000000444e-01 1.000000000000000000e+00 7.416198487095663205e-01 5.500000000000000444e-01 4.078909167902615152e-01 3.025000000000000466e-01 2.243400042346438417e-01 1.663750000000000506e-01
5.600000000000000533e-01 1.000000000000000000e+00 7.483314773547883325e-01 5.600000000000000533e-01 4.190656273186815217e-01 3.136000000000000454e-01 2.346767512984616610e-01 1.756160000000000498e-01
5.700000000000000622e-01 1.000000000000000000e+00 7.549834435270750266e-01 5.700000000000000622e-01 4.303405628104328140e-01 3.249000000000000776e-01 2.452941208019467356e-01 1.851930000000000520e-01
5.799999999999999600e-01 1.000000000000000000e+00 7.615773105863907766e-01 5.799999999999999600e-01 4.417148401401066460e-01 3.363999999999999768e-01 2.561946072812618103e-01 1.951119999999999521e-01
5.899999999999999689e-01 1.000000000000000000e+00 7.681145747868608487e-01 5.899999999999999689e-01 4.531875991242478308e-01 3.480999999999999650e-01 2.673806834833062362e-01 2.053789999999999782e-01
5.999999999999999778e-01 1.000000000000000000e+00 7.745966692414834043e-01 5.999999999999999778e-01 4.647580015448899982e-01 3.599999999999999867e-01 2.788548009269339878e-01 2.159999999999999698e-01
6.099999999999999867e-01 1.000000000000000000e+00 7.810249675906654199e-01 6.099999999999999867e-01 4.764252302303059183e-01 3.720999999999999863e-01 2.906193904404865691e-01 2.269809999999999883e-01
6.199999999999999956e-01 1.000000000000000000e+00 7.874007874011811348e-01 6.199999999999999956e-01 4.881884881887322836e-01 3.844000000000000195e-01 3.026768626770139914e-01 2.383279999999999843e-01
6.300000000000000044e-01 1.000000000000000000e+00 7.937253933193771926e-01 6.300000000000000044e-01 5.000469977912076480e-01 3.969000000000000306e-01 3.150296086084607983e-01 2.500470000000000192e-01
6.400000000000000133e-01 1.000000000000000000e+00 8.000000000000000444e-01 6.400000000000000133e-01 5.120000000000000107e-01 4.096000000000000196e-01 3.276800000000000268e-01 2.621440000000000436e-01
6.500000000000000222e-01 1.000000000000000000e+00 8.062257748298550242e-01 6.500000000000000222e-01 5.240467536394057824e-01 4.225000000000000422e-01 3.406303898656137252e-01 2.746250000000000080e-01
6.600000000000000311e-01 1.000000000000000000e+00 8.124038404635960386e-01 6.600000000000000311e-01 5.361865347059734388e-01 4.356000000000000427e-01 3.538831129059424874e-01 2.874960000000000293e-01
6.700000000000000400e-01 1.000000000000000000e+00 8.185352771872450584e-01 6.700000000000000400e-01 5.484186357154542391e-01 4.489000000000000767e-01 3.674404859293543546e-01 3.007630000000000581e-01
6.800000000000000488e-01 1.000000000000000000e+00 8.246211251235321393e-01 6.800000000000000488e-01 5.607423650840018814e-01 4.624000000000000887e-01 3.813048082571213193e-01 3.144320000000000448e-01
6.900000000000000577e-01 1.000000000000000000e+00 8.306623862918075529e-01 6.900000000000000577e-01 5.731570465413472482e-01 4.761000000000000787e-01 3.954783621135296023e-01 3.285090000000001065e-01
7.000000000000000666e-01 1.000000000000000000e+00 8.366600265340755627e-01 7.000000000000000666e-01 5.856620185738529161e-01 4.900000000000001021e-01 4.099634130016971412e-01 3.430000000000000826e-01
7.099999999999999645e-01 1.000000000000000000e+00 8.426149773176357938e-01 7.099999999999999645e-01 5.982566338955214169e-01 5.040999999999999925e-01 4.247622100658202116e-01 3.579109999999999236e-01
7.199999999999999734e-01 1.000000000000000000e+00 8.485281374238570207e-01 7.199999999999999734e-01 6.109402589451770060e-01 5.183999999999999719e-01 4.398769864405274177e-01 3.732479999999999687e-01
7.299999999999999822e-01 1.000000000000000000e+00 8.544003745317531040e-01 7.299999999999999822e-01 6.237122734081798070e-01 5.328999999999999293e-01 4.553099595879712136e-01 3.890169999999999462e-01
7.399999999999999911e-01 1.000000000000000000e+00 8.602325267042626455e-01 7.399999999999999911e-01 6.365720697611543244e-01 5.475999999999999757e-01 4.710633316232542556e-01 4.052239999999999731e-01
7.500000000000000000e-01 1.000000000000000000e+00 8.660254037844385966e-01 7.500000000000000000e-01 6.495190528383290030e-01 5.625000000000000000e-01 4.871392896287467522e-01 4.218750000000000000e-01
7.600000000000000089e-01 1.000000000000000000e+00 8.717797887081346619e-01 7.600000000000000089e-01 6.625526394181824319e-01 5.776000000000000023e-01 5.035400059578186704e-01 4.389760000000000328e-01
7.700000000000000178e-01 1.000000000000000000e+00 8.774964387392122367e-01 7.700000000000000178e-01 6.756722578291933790e-01 5.928999999999999826e-01 5.202676385284789040e-01 4.565330000000000221e-01
7.800000000000000266e-01 1.000000000000000000e+00 8.831760866327846848e-01 7.800000000000000266e-01 6.888773475735721075e-01 6.084000000000000519e-01 5.373243311073861994e-01 4.745520000000000294e-01
7.900000000000000355e-01 1.000000000000000000e+00 8.888194417315589124e-01 7.900000000000000355e-01 7.021673589679315874e-01 6.241000000000000991e-01 5.547122135846659363e-01 4.930390000000000605e-01
8.000000000000000444e-01 1.000000000000000000e+00 8.944271909999158554e-01 8.000000000000000444e-01 7.155417527999328176e-01 6.400000000000001243e-01 5.724334022399462096e-01 5.120000000000001217e-01
8.100000000000000533e-01 1.000000000000000000e+00 9.000000000000000222e-01 8.100000000000000533e-01 7.290000000000000924e-01 6.561000000000001275e-01 5.904900000000000704e-01 5.314410000000000522e-01
8.200000000000000622e-01 1.000000000000000000e+00 9.055385138137417300e-01 8.200000000000000622e-01 7.425415813272682186e-01 6.724000000000001087e-01 6.088840966883599659e-01 5.513680000000000803e-01
8.300000000000000711e-01 1.000000000000000000e+00 9.110433579144299188e-01 8.300000000000000711e-01 7.561659870689768637e-01 6.889000000000000679e-01 6.276177692672508801e-01 5.717870000000001562e-01
8.399999999999999689e-01 1.000000000000000000e+00 9.165151389911679880e-01 8.399999999999999689e-01 7.698727167525810655e-01 7.055999999999998940e-01 6.466930820721681350e-01 5.927039999999998976e-01
8.499999999999999778e-01 1.000000000000000000e+00 9.219544457292887518e-01 8.499999999999999778e-01 7.836612788698953391e-01 7.224999999999999201e-01 6.661120870394110494e-01 6.141249999999999210e-01
8.599999999999999867e-01 1.000000000000000000e+00 9.273618495495703495e-01 8.599999999999999867e-01 7.975311906126305583e-01 7.395999999999999241e-01 6.858768239268622224e-01 6.360559999999999548e-01
8.699999999999999956e-01 1.000000000000000000e+00 9.327379053088814542e-01 8.699999999999999956e-01 8.114819776187268685e-01 7.569000000000000172e-01 7.059893205282924411e-01 6.585029999999999495e-01
8.800000000000000044e-01 1.000000000000000000e+00 9.380831519646859462e-01 8.800000000000000044e-01 8.255131737289236327e-01 7.743999999999999773e-01 7.264515928814527790e-01 6.814719999999999667e-01
8.900000000000000133e-01 1.000000000000000000e+00 9.433981132056603602e-01 8.900000000000000133e-01 8.396243207530377228e-01 7.921000000000000263e-01 7.472656454702035767e-01 7.049690000000000678e-01
9.000000000000000222e-01 1.000000000000000000e+00 9.486832980505137680e-01 9.000000000000000222e-01 8.538149682454624356e-01 8.100000000000000533e-01 7.684334714209162254e-01 7.290000000000000924e-01
9.100000000000000311e-01 1.000000000000000000e+00 9.539392014169456591e-01 9.100000000000000311e-01 8.680846732894206275e-01 8.281000000000000583e-01 7.899570526933727965e-01 7.535710000000001019e-01
9.200000000000000400e-01 1.000000000000000000e+00 9.591663046625439337e-01 9.200000000000000400e-01 8.824330002895404146e-01 8.464000000000000412e-01 8.118383602663772347e-01 7.786880000000000468e-01
9.300000000000000488e-01 1.000000000000000000e+00 9.643650760992955595e-01 9.300000000000000488e-01 8.968595207723448759e-01 8.649000000000001132e-01 8.340793543182808412e-01 8.043570000000000997e-01
9.400000000000000577e-01 1.000000000000000000e+00 9.695359714832658682e-01 9.400000000000000577e-01 9.113638131942699561e-01 8.836000000000001631e-01 8.566819844026137831e-01 8.305840000000001000e-01
9.500000000000000666e-01 1.000000000000000000e+00 9.746794344808964450e-01 9.500000000000000666e-01 9.259454627568516338e-01 9.025000000000000799e-01 8.796481896190091465e-01 8.573750000000002203e-01
9.599999999999999645e-01 1.000000000000000000e+00 9.797958971132711969e-01 9.599999999999999645e-01 9.406040612287402958e-01 9.215999999999999748e-01 9.029798987795907284e-01 8.847359999999998559e-01
9.699999999999999734e-01 1.000000000000000000e+00 9.848857801796104816e-01 9.699999999999999734e-01 9.553392067742221272e-01 9.408999999999999586e-01 9.266790305709954323e-01 9.126729999999999565e-01
9.799999999999999822e-01 1.000000000000000000e+00 9.899494936611665796e-01 9.799999999999999822e-01 9.701505037879432081e-01 9.603999999999999204e-01 9.507474937121842551e-01 9.411919999999999176e-01
9.899999999999999911e-01 1.000000000000000000e+00 9.949874371066199652e-01 9.899999999999999911e-01 9.850375627355537622e-01 9.800999999999999712e-01 9.751871871081981835e-01 9.702990000000000226e-01
